2321.20 1782.20
1853.00 1251.00
1854.20 1611.90
1860.60 1624.10
1437.60 1264.50
1781.10 1611.90
1791.90 1604.20
1842.80 1604.50
1596.50 1098.50
1228.90 1041.30
1895.10 1619.60
1774.90 1624.10
1538.30 1126.30
2130.70 1266.40
1498.30 1126.40
2038.60 1090.20
913.63 1204.20
1700.00 937.91
1071.80 1212.50
2057.80 1027.50
1204.40 1124.90
2482.00 1240.90
2242.20 1801.60
1803.90 948.06
1905.20 1592.40
1130.40 1087.50
1816.80 947.36
1766.90 972.62
1995.10 1200.00
1740.50 1620.50
2286.00 950.34
2461.30 1286.20
2509.90 1184.50
2402.50 1278.00
2149.40 1248.10
2371.30 1138.00
1538.00 1272.70
869.89 1578.00
1924.20 973.81
2465.00 1129.10
2470.00 1294.90
1732.00 1663.60
2499.50 1249.20
1394.30 1668.10
1180.90 1186.70
1738.70 912.00
1894.70 912.69
1610.80 894.72
2043.60 967.96
1999.10 1137.90
2425.10 1054.20
2345.60 1202.60
1945.40 1154.60
1901.90 1582.80
2524.30 1202.70
2130.00 1380.00
1325.10 656.07
1066.10 1132.60
1560.60 1061.30
1905.40 1663.50
2094.20 1229.40
1818.50 1637.20
1251.50 1097.30
1981.70 1099.20
2363.10 1360.10
1948.90 1228.00
2404.90 1045.40
2077.00 1018.40
1351.20 1337.90
2476.60 1128.30
2054.40 1229.10
1573.20 1080.80
1865.80 1605.90
1199.80 1270.00
2019.00 1302.60
2349.60 1092.30
1062.90 1221.60
2900.90 1313.70
1142.50 1032.00
1100.70 1040.80
1728.90 1593.00
2468.20 1217.20
2346.50 1053.50
2311.60 1639.70
1969.00 1199.80
2492.30 1212.50
2050.20 817.52
1144.40 1115.80
1444.00 954.78
1683.50 1042.10
2487.70 1156.50
2553.90 1240.20
1763.00 1617.60
1678.50 1400.20
1260.20 1116.50
1051.80 1185.90
2004.20 1109.80
2112.00 1275.30
2482.40 1082.90
1704.90 1144.60
2268.90 1342.00
2348.20 1258.40
1557.50 1262.80
1676.10 1273.70
1363.50 1673.50
1184.00 1151.10
1636.90 989.93
1262.40 1204.90
2895.40 1193.00
1879.00 913.24
1248.50 1069.70
1599.60 1080.30
1906.90 912.47
1901.10 1673.30
1198.20 769.27
2070.40 1146.20
2092.20 1156.10
2369.60 951.71
1650.70 1033.00
2948.10 1235.90
2423.80 1091.70
2509.50 1166.00
2144.60 1163.60
1428.90 1665.90
1504.90 1036.60
1317.70 936.89
1727.80 1361.90
2368.20 1101.00
2453.80 1211.80
1191.20 1214.20
1955.70 1400.30
1122.50 1250.10
2940.10 1184.00
2348.30 1072.40
1265.70 901.78
2171.60 923.84
1595.30 761.36
2017.20 932.19
2414.50 1129.50
1270.00 944.73
1505.80 1152.40
1929.20 948.26
1583.10 1051.30
1908.10 1251.00
1846.80 946.93
1155.60 1006.30
2911.00 1184.30
1118.80 1088.20
2070.70 1164.70
2452.00 1063.10
2474.70 1222.20
1111.20 1213.10
1629.80 938.42
1508.70 1042.20
1767.10 913.57
2539.20 1137.90
2905.40 1263.00
2360.60 775.10
2235.40 1670.50
1729.50 1591.20
1732.30 1582.50
2024.40 755.81
1470.80 1188.60
2942.80 1200.40
2110.40 1164.00
2108.60 987.91
1673.70 1126.00
2353.70 1225.00
2383.50 1220.80
2503.40 1129.30
1738.40 892.34
1241.60 1042.20
2988.90 1297.20
1780.40 1604.10
1707.50 745.41
2218.60 1469.80
1169.30 1204.40
1740.60 1597.40
1460.30 920.52
952.11 910.33
1717.40 264.10
2214.40 1710.10
2076.10 1220.00
1177.70 1022.50
1757.30 1621.60
2702.10 1547.00
1652.60 1282.40
2335.10 1342.00
1859.60 964.54
1772.30 1604.40
1205.70 1232.50
2445.10 1231.20
1090.60 1087.50
1732.60 962.84
960.76 1048.00
1810.30 938.92
2042.60 1146.20
1646.80 850.60
1915.00 1081.60
2150.20 1277.20
1426.90 1662.20
2952.60 1262.70
1564.80 1273.10
1644.30 1117.40
2194.10 932.25
2374.10 1174.90
2120.10 790.88
1250.50 1177.60
1235.50 1224.10
2360.70 801.11
1877.50 1620.20
1820.60 912.62
1899.00 1608.00
1693.40 1235.10
1301.30 928.87
1559.30 937.98
3046.00 1680.60
2352.90 792.65
1175.80 1078.50
1349.80 953.89
2131.40 1342.50
2082.40 1095.60
1397.10 1666.60
2247.90 967.32
1076.50 1222.50
1274.90 797.17
2475.10 1212.60
2480.20 1277.00
2701.50 989.45
2700.00 988.92
1945.00 992.08
1365.00 903.40
1174.40 1177.80
2417.80 1295.60
734.81 1159.80
1101.10 1258.80
1183.90 1088.20
2092.20 1285.20
2468.80 1276.90
2335.30 1299.00
2424.60 1005.30
1673.30 1267.10
2396.40 810.02
1964.60 1052.80
2922.70 1150.40
2392.80 1062.90
1910.80 1362.10
1285.70 1243.00
1575.30 1527.00
1923.00 999.02
2908.10 1236.30
2584.70 1104.20
2041.50 1109.90
2899.40 1108.20
3044.80 1682.60
2481.60 1313.40
2333.40 1747.60
1834.00 1341.70
2342.50 1002.50
1132.50 1150.10
2232.40 1669.10
748.23 1423.00
2421.90 749.45
2226.50 976.15
1502.60 1233.40
2440.20 1259.10
2464.00 1110.40
2456.50 1230.70
1917.80 1154.50
2434.60 1073.10
1999.50 1303.10
1316.00 911.69
1591.00 798.18
2529.70 1246.10
2487.40 1222.90
1202.00 1195.80
1578.90 1180.80
2441.30 1029.10
3036.20 1619.50
2400.20 1239.40
2565.90 1399.00
1196.20 1337.80
1904.10 982.55
1406.90 559.09
1074.00 1141.40
1517.40 1262.90
2492.30 952.24
1074.80 1022.10
1142.00 1222.40
1499.10 1281.50
2259.80 1460.20
1163.30 1231.20
2426.30 968.96
2321.90 1128.50
2564.60 1268.80
2386.50 1156.00
1210.40 1164.20
1961.50 1203.40
1195.40 1134.20
2521.40 1164.40
2875.50 1184.50
2075.90 1090.90
1807.90 900.37
1616.40 1206.90
752.39 1327.30
1561.20 903.62
1554.70 814.75
1100.50 1124.60
1914.80 1181.80
3004.80 1308.90
1881.30 755.11
933.50 1211.30
1931.60 1025.80
2489.60 1380.40
1642.90 1340.00
1505.00 718.05
1862.50 912.95
2477.20 1063.20
1935.60 931.13
2469.10 1101.50
1816.50 1389.00
1754.60 1433.60
3038.30 1636.20
1099.00 918.93
2828.30 1583.00
2765.50 1006.20
2035.30 1219.70
2622.60 1192.10
1656.60 1042.30
2883.00 822.22
1760.10 1581.40
2663.00 1209.30
1070.20 1219.00
1659.90 996.97
1200.00 1079.10
957.05 1236.60
2759.80 1468.30
1780.50 967.22
1272.60 1088.20
1462.00 1338.70
1276.90 1199.20
2245.90 1330.10
1156.10 1133.80
1237.20 805.53
2048.70 1233.20
1433.90 903.51
2504.00 1044.90
1702.80 903.46
1637.90 789.53
1932.90 1091.00
1191.30 1125.50
1647.30 815.47
1540.80 894.63
1301.10 667.01
2346.20 1137.80
1300.20 945.28
1211.30 1096.90
1735.60 981.32
2360.40 1258.20
2143.20 1136.70
1742.80 1596.50
1954.40 904.94
2650.10 255.06
1825.60 502.15
2380.30 1202.20
2944.80 1210.10
2778.10 1419.70
1901.20 947.12
1092.30 1133.00
1260.40 910.65
2266.70 915.35
1705.40 1108.50
2032.20 1021.30
1290.60 1116.70
745.82 1107.10
2507.80 1147.10
547.05 719.64
2177.90 950.77
1634.50 1171.30
1989.20 1000.70
2067.60 1229.00
2887.80 1124.20
1254.50 901.47
1629.20 1359.40
2527.50 1217.60
1363.40 1789.00
669.52 720.41
2532.50 1471.00
2381.00 1057.60
1297.60 867.88
2541.60 1111.10
1211.40 1050.90
1610.20 1015.60
1686.00 1126.70
2951.30 1271.70
950.99 1014.10
2194.30 914.93
2491.20 1193.40
2393.70 1046.30
1280.30 1091.00
2356.30 1020.00
1190.50 892.44
1251.40 1051.00
2425.10 951.77
1731.30 1944.50
2615.50 1243.90
2561.50 1212.20
1938.90 703.79
2912.80 1271.90
1083.50 1230.70
2952.50 1006.90
1203.60 866.69
1250.40 1204.60
2450.40 1235.90
1464.80 1657.80
1735.70 1608.60
763.89 1432.90
1210.00 1069.90
1762.60 1581.90
1155.10 1106.90
2321.60 1341.80
1714.60 1144.80
2335.40 853.83
2485.10 1398.80
2902.60 1331.60
2329.20 766.02
