1505.00 1770.40
1082.30 1251.50
1057.50 1605.50
1063.10 1617.50
676.49 1267.60
986.31 1605.70
997.26 1598.20
1047.10 1598.30
835.78 1103.20
479.15 1046.90
1096.70 1612.90
979.68 1618.00
776.61 1130.40
1347.00 1267.00
737.53 1130.60
1269.80 1094.20
197.60 1206.40
949.16 945.08
311.48 1215.80
1293.40 1032.50
448.82 1129.30
1694.60 1241.50
1472.70 1788.70
1050.20 954.94
1108.60 1586.10
378.50 1092.50
1062.90 954.17
1012.20 979.12
1218.80 1202.10
946.43 1613.60
1524.20 956.44
1670.90 1286.00
1726.30 1186.20
1613.50 1278.00
1366.90 1249.20
1593.40 1140.80
766.00 1274.10
129.78 1575.60
1166.50 980.02
1686.50 1131.80
1678.60 1294.50
934.03 1656.20
1711.10 1249.70
602.77 1662.10
421.49 1190.10
989.42 919.53
1142.10 919.91
865.31 902.49
1283.80 974.02
1227.30 1141.10
1653.30 1058.30
1563.40 1204.20
1173.40 1157.70
1106.20 1576.80
1739.00 1204.00
1338.30 1378.50
605.36 666.08
311.02 1137.00
803.49 1066.50
1102.00 1655.70
1314.00 1230.90
1020.50 1629.90
496.86 1102.20
1213.10 1103.10
1568.50 1358.50
1171.40 1229.50
1634.30 1049.70
1313.10 1023.50
578.45 1338.50
1698.00 1131.00
1274.80 1230.50
814.17 1085.70
1069.50 1599.70
434.32 1272.20
1234.80 1302.70
1575.90 1095.80
302.04 1224.80
2139.80 1310.40
394.41 1037.70
352.44 1046.40
936.17 1587.10
1682.70 1218.20
1575.80 1057.70
1504.60 1632.00
1193.10 1202.00
1706.80 1213.70
1303.30 825.80
390.28 1120.20
696.51 961.71
925.17 1047.50
1706.70 1158.80
1764.90 1240.70
967.67 1611.30
884.89 1398.90
504.26 1121.00
293.43 1189.50
1234.50 1113.40
1327.90 1275.90
1707.70 1086.50
938.63 1148.00
1477.10 1340.90
1561.50 1258.70
785.96 1264.40
900.77 1274.80
573.87 1667.70
426.98 1155.20
883.45 996.33
500.56 1207.90
2143.30 1192.70
1126.70 920.52
496.33 1074.90
840.33 1084.90
1154.40 919.74
1097.10 1666.00
468.47 777.98
1296.50 1149.10
1317.30 1158.80
1606.30 957.44
893.41 1038.80
2191.90 1234.40
1649.10 1095.10
1727.30 1167.90
1368.30 1166.30
636.30 1659.80
750.70 1042.20
574.23 943.93
932.92 1362.80
1593.60 1104.40
1669.10 1213.00
429.45 1217.10
1157.20 1399.00
359.17 1252.80
2187.50 1183.80
1576.20 1076.20
525.31 909.18
1412.90 930.38
860.37 770.90
1261.10 938.81
1636.70 1132.10
526.46 951.61
742.85 1156.10
1173.20 954.79
825.44 1056.70
1129.90 1252.20
1092.30 953.71
409.40 1012.40
2159.30 1184.10
366.65 1093.10
1295.70 1167.40
1679.50 1067.10
1688.90 1223.20
350.45 1216.30
880.13 945.62
753.65 1047.90
1016.90 920.89
1758.60 1140.30
2148.00 1261.00
1611.80 784.07
1426.10 1661.70
936.17 1587.10
940.66 1576.30
1282.50 765.39
706.55 1191.50
2188.70 1199.80
1334.60 1166.50
1346.60 993.25
908.35 1130.20
1569.50 1226.00
1599.00 1222.10
1724.50 1132.10
990.65 900.19
491.71 1047.80
2229.80 1294.30
985.58 1598.20
972.67 755.34
1418.50 1466.00
408.64 1207.80
947.97 1591.80
716.06 927.88
252.66 915.54
1024.30 278.04
1404.30 1699.70
1296.70 1221.70
429.57 1028.50
961.90 1614.50
1930.10 1538.70
877.94 1283.40
1542.30 1340.90
1103.80 970.86
977.64 1598.40
442.66 1235.30
1658.90 1232.10
338.69 1092.40
979.63 969.52
251.64 1052.00
1057.50 945.79
1269.40 1149.30
904.22 858.98
1149.10 1085.90
1364.30 1277.80
634.63 1656.30
2193.90 1260.70
791.89 1274.50
881.48 1121.60
1434.90 938.66
1593.40 1176.80
1374.10 799.82
490.98 1181.00
472.75 1226.80
1610.00 809.72
1080.50 1614.30
1069.60 919.88
1101.70 1601.80
920.67 1237.00
558.22 935.99
811.32 945.27
2256.50 1667.70
1603.00 801.25
423.89 1083.60
604.48 960.82
1342.20 1341.60
1312.60 1099.50
605.61 1660.30
1485.20 973.21
315.64 1225.60
541.75 805.87
1689.80 1213.80
1690.10 1276.90
1969.90 993.55
1969.90 993.55
1185.70 997.90
623.31 911.00
415.58 1181.40
1627.10 1295.30
18.04 1162.90
337.47 1261.50
431.50 1093.20
1307.80 1285.50
1678.80 1276.90
1545.00 1298.70
1656.90 1010.10
899.02 1268.30
1644.30 818.42
1200.00 1057.60
2173.20 1151.10
1620.80 1066.90
1111.30 1360.00
521.09 1245.60
784.68 1523.20
1163.20 1004.80
2152.60 1234.80
1847.60 1105.90
1270.90 1113.50
2153.90 1109.80
2256.50 1667.70
1688.60 1312.40
1519.60 1736.70
1049.40 1341.00
1575.90 1007.60
376.06 1154.10
1423.20 1660.20
15.10 1423.60
1674.10 759.13
1463.50 981.82
733.69 1235.40
1651.90 1259.40
1687.00 1113.40
1670.40 1231.50
1146.50 1157.70
1661.20 1076.90
1215.30 1303.20
574.38 919.05
853.39 807.28
1740.80 1246.60
1701.40 1223.80
441.62 1199.20
812.50 1183.80
1671.20 1033.60
2252.50 1606.20
1614.30 1240.20
1765.00 1396.00
426.28 1338.90
1145.70 988.55
730.63 571.09
318.16 1145.80
746.53 1264.40
1727.40 958.24
327.74 1027.80
380.55 1225.50
727.09 1282.80
1459.60 1456.60
401.33 1234.10
1661.00 974.59
1546.20 1131.20
1773.50 1268.70
1607.20 1158.40
452.33 1168.00
1185.80 1205.50
439.28 1138.40
1739.00 1166.50
2124.50 1184.20
1307.00 1094.80
1058.00 907.83
847.98 1209.70
24.89 1328.60
815.96 911.27
816.07 823.65
345.98 1129.10
1141.20 1184.50
2288.40 1304.70
1143.10 764.45
214.24 1213.50
1169.60 1031.10
1691.60 1378.10
864.16 1340.10
775.41 728.10
1111.00 920.14
1704.10 1067.20
1180.60 937.98
1692.90 1104.60
1026.60 1389.90
957.37 1431.80
2253.80 1623.30
359.23 925.88
2055.30 1571.70
2030.70 1010.10
1256.80 1221.30
1878.10 1192.10
899.11 1047.70
2159.70 830.23
970.26 1576.60
1916.70 1209.10
309.38 1222.00
905.59 1003.30
448.05 1084.10
235.34 1238.60
1991.80 1461.60
1026.00 973.73
517.99 1093.00
686.94 1339.00
515.13 1202.20
1455.20 1329.50
400.48 1138.00
504.46 814.00
1269.00 1234.70
690.98 911.13
1731.50 1049.10
954.69 911.12
899.64 798.72
1166.00 1095.20
435.75 1129.90
907.56 824.42
796.52 902.44
578.04 676.99
1569.00 1140.50
555.99 952.31
457.80 1101.70
980.91 987.54
1573.80 1258.80
1369.50 1139.90
950.27 1590.80
1201.70 912.07
2041.90 270.07
1088.60 515.15
1597.60 1203.90
2190.60 1209.30
2013.30 1414.30
1146.10 953.75
337.29 1137.50
519.48 917.95
1508.10 922.04
941.66 1112.60
1268.80 1026.50
535.05 1121.30
32.53 1110.60
1727.10 1149.40
143.03 724.25
1417.40 956.78
867.69 1174.50
1227.90 1006.20
1287.60 1230.40
2141.40 1125.40
514.34 908.83
849.06 1358.80
1740.70 1218.70
565.56 1780.90
265.53 724.27
1726.80 1466.60
1609.90 1061.70
560.11 876.04
1763.10 1114.20
461.08 1056.20
855.13 1021.70
921.37 1130.70
2191.80 1269.40
244.12 1018.40
1436.20 921.54
1707.40 1195.00
1623.00 1050.70
526.33 1095.90
1588.20 1024.70
452.08 899.88
500.70 1056.40
1661.10 957.67
914.24 1930.70
1867.80 1242.90
1774.50 1213.30
1202.90 714.02
2154.60 1269.60
321.75 1233.70
2212.00 1010.80
466.34 874.38
488.32 1207.70
1664.00 1236.60
667.66 1652.20
942.08 1603.00
30.05 1433.30
458.39 1075.10
970.26 1576.60
401.49 1111.70
1529.30 1340.70
948.11 1148.50
1580.70 861.62
1685.70 1396.00
2140.50 1327.60
1581.60 775.05
